city_means:
  Ahmedabad: 460.8819340329835
  Aizawl: 72.32882882882883
  Amaravati: 109.81747919143876
  Amritsar: 130.4551509769094
  Bengaluru: 100.82905759162304
  Bhopal: 175.57194244604315
  Brajrajnagar: 162.7979020979021
  Chandigarh: 137.19397993311037
  Chennai: 120.95514861995754
  Coimbatore: 101.38662790697674
  Delhi: 265.8288355822089
  Ernakulam: 165.72222222222223
  Gurugram: 233.59394356503785
  Guwahati: 164.92828282828282
  Hyderabad: 115.97313829787234
  Jaipur: 144.9483546617916
  Jorapokhar: 169.2360570687419
  Kochi: 180.75316455696202
  Kolkata: 157.3183023872679
  Lucknow: 224.31141045958796
  Mumbai: 121.00258064516129
  Patna: 249.14050719671008
  Shillong: 108.87317073170732
  Talcher: 187.37750716332377
  Thiruvananthapuram: 87.6592205323194
  Visakhapatnam: 127.1327924850555
global_mean: 178.33543896354712
