city_means:
  Ahmedabad: 452.12293853073464
  Aizawl: 34.765765765765764
  Amaravati: 95.29964328180738
  Amritsar: 119.92095914742451
  Bengaluru: 94.31832460732984
  Bhopal: 132.8273381294964
  Brajrajnagar: 150.2805049088359
  Chandigarh: 96.49832775919732
  Chennai: 114.50265392781316
  Coimbatore: 73.02325581395348
  Delhi: 259.48774387193595
  Ernakulam: 92.359477124183
  Gurugram: 225.12388162422573
  Guwahati: 140.11111111111111
  Hyderabad: 109.20744680851064
  Jaipur: 133.67915904936015
  Jorapokhar: 159.25162127107652
  Kochi: 104.28481012658227
  Kolkata: 140.56631299734747
  Lucknow: 217.973058637084
  Mumbai: 105.35225806451614
  Patna: 240.7820424948595
  Shillong: 53.795121951219514
  Talcher: 172.88681948424068
  Thiruvananthapuram: 75.87832699619771
  Visakhapatnam: 117.26985482493595
global_mean: 166.4635814889336
